300
56
4601
-824
-503
-2965
3028
-1978
3716
-471
4998
-727
4334
3733
4375
4445
1397
1786
3346
4641
4188
-686
1849
4962
-1936
430
515
-2962
1218
-839
1627
-4004
-2464
-2060
-1640
4211
-1601
1135
2105
-624
-1655
-783
-3312
-4885
2734
4441
2700
3702
-1075
-3688
543
-2811
-3362
2258
1284
-3553
-858
898
-200
2634
2617
4453
1807
-3842
4604
1918
-4762
-3048
4214
3101
-2684
-498
500
737
-750
-832
4705
2739
3831
-319
-4342
1441
-3562
413
1024
3424
3217
1586
447
3969
526
4204
2273
-2581
-1874
-212
1472
3692
4660
2497
-4910
333
3000
-2288
-4843
-2908
-3958
-1417
2242
-3973
1024
-24
-1579
-3540
2637
-1047
3917
4042
1389
-1261
-4744
4224
903
-2921
1254
-1127
1688
-2247
1365
3077
2383
2962
3906
-1354
3858
-51
-1163
281
-695
-2100
-3248
-3584
-864
-4020
-2604
2460
-1802
-390
-4243
-2146
2025
2489
-3398
-491
-1229
-2373
-3890
1467
-3987
-3018
3665
-1458
-3697
4326
1324
-4527
2447
2244
3572
-1761
-4647
-317
-3707
-2755
1668
-4331
-1638
4283
-679
-2684
-1577
1278
-1396
-3166
2932
-2698
4969
1170
1552
-4501
-3251
-719
-2088
-2029
780
4596
-2724
858
3371
-3483
-3106
3416
923
-4763
3376
166
2817
434
-2638
1493
-4454
714
-4789
732
2222
2571
-3835
3169
192
-3877
-2328
641
3908
-3183
4795
-3556
114
4206
3742
3409
-4316
-2572
-3127
1232
2975
644
-4086
2433
3137
-1225
2808
4191
1286
-3862
-3900
2184
2211
-1373
3667
3889
2836
-4709
-4
500
-2899
-2904
-3081
-374
-4358
4779
3276
-2720
-149
1568
-2814
-3646
-4951
-375
-2063
-4946
4827
4843
-486
-803
1714
-4968
1114
-4605
-884
1619
-4153
-3794
2766
-4751
1635
-4727
-1288
1373
107
1224
-1235
-4464
-2823
3841
4773
2599
2927
-57
-470
1728
-1156
